OS: Windows-10-10.0.19042-SP0 10.0.19042
Python: 3.8.10
Stable-Baselines3: 1.3.0
PyTorch: 1.10.0+cu113
GPU Enabled: True
Numpy: 1.21.4
Gym: 0.19.0
